ship 159 4 174 18
ship 218 37 225 46
ship 237 26 244 37
ship 209 65 217 75
ship 132 120 144 128
ship 127 144 139 153
ship 153 178 165 185
ship 171 202 184 210
ship 183 139 193 146
ship 203 102 212 109
ship 237 106 247 114
ship 227 144 237 152
ship 237 228 250 236
ship 273 144 283 152
ship 261 85 271 96
ship 250 58 259 69
ship 275 36 281 44
ship 285 52 292 59
ship 299 44 304 50
ship 301 28 308 34
ship 298 70 305 77
ship 321 69 327 76
ship 330 47 339 55
ship 322 179 329 185
ship 322 146 328 152
ship 304 114 310 121
ship 314 94 319 101
ship 325 109 330 114
ship 351 171 355 178
