ship 104 301 125 317
ship 190 258 200 269
ship 176 216 188 228
ship 65 137 82 148
ship 57 100 75 113
ship 95 52 113 63
ship 121 16 139 27
ship 138 111 153 121
ship 168 163 183 175
ship 203 101 217 114
ship 218 156 233 171
ship 218 272 229 285
ship 236 225 250 239
ship 253 183 270 200
ship 270 101 286 115
ship 274 260 283 272
ship 314 275 321 282
ship 288 237 298 248
ship 307 212 318 223
ship 309 252 316 260
ship 354 243 365 254
ship 341 213 350 223
ship 316 146 325 156
ship 340 101 352 111
ship 341 54 352 62
ship 330 178 338 187
ship 384 65 391 72
