ship 338 4 353 18
ship 287 37 294 46
ship 268 26 275 37
ship 295 65 303 75
ship 368 120 380 128
ship 373 144 385 153
ship 347 178 359 185
ship 328 202 341 210
ship 319 139 329 146
ship 300 102 309 109
ship 265 106 275 114
ship 275 144 285 152
ship 262 228 275 236
ship 229 144 239 152
ship 241 85 251 96
ship 253 58 262 69
ship 231 36 237 44
ship 220 52 227 59
ship 208 44 213 50
ship 204 28 211 34
ship 207 70 214 77
ship 185 69 191 76
ship 173 47 182 55
ship 183 179 190 185
ship 184 146 190 152
ship 202 114 208 121
ship 193 94 198 101
ship 182 109 187 114
ship 157 171 161 178
