ship 104 10 125 26
ship 190 58 200 69
ship 176 99 188 111
ship 65 179 82 190
ship 57 214 75 227
ship 95 264 113 275
ship 121 300 139 311
ship 138 206 153 216
ship 168 152 183 164
ship 203 213 217 226
ship 218 156 233 171
ship 218 42 229 55
ship 236 88 250 102
ship 253 127 270 144
ship 270 212 286 226
ship 274 55 283 67
ship 314 45 321 52
ship 288 79 298 90
ship 307 104 318 115
ship 309 67 316 75
ship 354 73 365 84
ship 341 104 350 114
ship 316 171 325 181
ship 340 216 352 226
ship 341 265 352 273
ship 330 140 338 149
ship 384 255 391 262
