ship 170 176 232 254
ship 367 110 383 240
ship 157 348 163 362
ship 100 429 108 439
ship 96 463 104 475
ship 115 512 123 522
ship 129 549 137 559
ship 138 455 144 465
ship 153 401 159 411
ship 179 409 185 419
ship 171 464 177 474
ship 179 586 187 596
ship 206 464 212 474
ship 197 377 203 393
ship 188 337 194 353
ship 215 330 219 339
ship 224 355 228 365
ship 242 353 246 363
ship 243 515 247 523
ship 243 467 247 475
ship 229 419 233 429
ship 237 390 239 400
ship 245 412 247 418
ship 265 502 267 512
ship 499 343 547 517
