ship 29 51 69 207
ship 382 74 390 88
ship 370 128 380 142
ship 363 196 375 210
ship 393 274 405 290
ship 406 201 418 219
ship 406 53 414 69
ship 421 113 433 131
ship 436 164 450 184
ship 451 273 463 291
ship 454 71 460 85
ship 488 57 494 65
ship 466 101 474 115
ship 483 133 491 147
ship 484 86 490 96
ship 523 93 531 107
ship 512 134 518 146
ship 491 221 497 233
ship 511 279 521 291
ship 503 180 509 190
ship 39 520 47 554
ship 187 428 195 454
ship 346 349 352 373
ship 270 556 280 582
ship 358 475 392 517
