ship 35 61 83 247
ship 337 12 353 30
ship 406 67 412 79
ship 394 116 402 130
ship 307 210 319 222
ship 300 251 314 265
ship 330 309 344 321
ship 364 242 374 252
ship 388 178 398 192
ship 415 250 425 264
ship 427 183 437 199
ship 427 49 435 63
ship 441 103 451 119
ship 454 149 466 167
ship 468 249 480 265
ship 471 64 477 78
ship 502 52 506 60
ship 483 92 489 104
ship 497 122 505 134
ship 499 79 503 87
ship 533 85 541 97
ship 523 123 529 133
ship 504 201 510 211
ship 523 254 531 264
ship 523 311 531 319
ship 515 164 521 174
ship 557 298 561 306
ship 45 499 55 539
ship 220 390 230 420
ship 334 461 372 507
